+19842184422
+17313933259
+19194985535
+13364831586
+14233645731
+18649921920
+14237547945
+18283759872
+12522958863
+18647200127
+19195915655
+19103750057
+19108497364
+16152957939
+18642059929
+19107827018
+18433457136
+18438624300
+18038815469
+13366890235
+18652057914
+18436530518
+19103166366
+12529331256
+19197501038
+14233284449
+18035218727
+18033180180
+19106745905
+16156553224
+18646966490
+18039029922
+13365779876
+18642374936
+19104747143
+19109957298
+18032101826
+17042521601
+18035963501
+14234355650
+18643251008
+18433035021
+18645471155
+17313169333
+14237078467
+13368075430
+17312159186
+19804838603
+19804015879
+13362474548
+18285456548
+18436204901
+13369871776
+18039829249
+19108471284
+19103594147
+19804455349
+18438134211
+18434732044
+18032370222
+12529085559
+16152409145
+19196960286
+18032398799
+18438980658
+16292508244
+18642381468
+17043209240
+18435976559
+19196731464
+18642383478
+18645495907
+18433853599
+14235066557
+18434525185
+18034669874
+18653784089
+13365879703
+16159282083
+16155544175
+18033182109
+13364932085
+18287028849
+19108826459
+16152098749
+19317976071
+13368077566
+14234759238
+12526424668
+18644477918
+17042362380
+18032038026
+18649010411
+17314339220
+16154010259
+18645204528
+19104743490
+19108942135
+18437316572
+12525496327
+19109169674
+19103731328
+18643768529
+18038218994
+18435353390
+19843125290
+19842624248
+18652091860
+19107953475
+18433310844
+18644310715
+17042944702
+18432873078
+18647605724
+19107797295
+17316125953
+14238884585
+19196727266
+12522670990
+18038047073
+12522302246
+18034466317
+18038450821
+19842941019
+19102747640
+13368445950
+18644301452
+18032066310
+18285722877
+19802631127
+18437494706
+17048867500
+18037135070
+13362558447
+14233209347
+14233613295
+18034648761
+16154148936
+18647530004
+18286380625
+18647640878
+18283784522
+14236448035
+18036690153
+14234866377
+18439419926
+18644534602
+19016129199
+19107108477
+12523609443
+17043696100
+19105747528
+18287368448
+13366897066
+18032626442
+18436481192
+16152603572
+18434803819
+18285076561
+18034061887
+19197388329
+18643466778
+16159551059
+19106630839
+16157665896
+16158045618
+14238230318
+18035650253
+19015188709
+18647158507
+16159952359
+19803377832
+13369381387
+18433675240
+18643577359
+14232311038
+16154809991
+18645259951
+18033831286
+18642768704
+19196960826
+19802891550
+17312778061
+18039490777
+18034298620
+18653870143
+12523088134
+17042263695
+17044375766
+18035871043
+19802628032
+14236339686
+18643003780
+18434091752
+19809497093
+18434088565
+16154001194
+17314602239
+18039682458
+16156405243
+18039155822
+18036365227
+14233164730
+18643239478
+17316143008
+19107978329
+18434523841
+18036531531
+18648710318
+18034464619
+18284687332
+17048918047
+18032307361
+19106044376
+17042738476
+14239300938
+18033059786
+12526294745
+12523820014
+18432137063
+18645243059
+18643992926
+14239212851
+19199049171
+16153477305
+17313348539
+19013107678
+18435042621
+18656177394
+17044536168
+19195930675
+18646199113
+18039179860
+16292793037
+19802892341
+12528223022
+12523735705
+18656791161
+19193967878
+18038781126
+18033086672
+17314136185
+19107341068
+18439921111
+19105459099
+17047778704
+13364718330
+18033834201
+16292617279
+18434765522
+13362771594
+13369882641
+18284360593
+14233135986
+18282009319
+18039154776
+18039200603
+14232311398
+19197206046
+18434655140
+14234634455
+18646860151
+12529154124
+18652240736
+13368445988
+18038439441
+13367493417
+18643409787
+18283731775
+18433216947
+17317967844
+18643541400
+13364524494
+18039990182
+19199031888
+18436686358
+17046317157
+19012816631
+19198848546
+14237218388
+12524062070
+18653937596
+18439418844
+14237120594
+19107798734
+13368974148
+18032719953
+18434396824
+18649345582
+16154739513
+18036832449
+18439265716
+16156829638
+18438602082
+17049182979
+18439373559
+16154807072
+19192826214
+16292464903
+19194824923
+14233272594
+19802341455
+14235579608
+17043147709
+16159574815
+19842984754
+16156095917
+14234662886
+18433390699
+18648846667
+18036141557
+17048910521
+19804999773
+18435626350
+18643420521
+18643103471
+18034064589
+18432767820
+12525099936
+18282375971
+18033874645
+19195009955
+19802576532
+18432603040
+16155696315
+16155614198
+17317349844
+18434578788
+14238367028
+18038404342
+18643782737
+19803187011
+19107226910
+16159976160
+14233549156
+16152997458
+18033783371
+16155479885
+19102799562
+19804309390
+14236071832
+12523271842
+18439292536
+19802735412
+19802101012
+14233228523
+18433250692
+18285225075
+19109210560
+14237210961
+14233132512
+19103734707
+19802487997
+16157662003
+13364599165
+18649234512
+18036652166
+18644578555
+19197253191
+14238882576
+18283330628
+12526239005
+18656549696
+18033782834
+16157664172
+19198794997
+18436966830
+18648656525
+18038553626
+19804150329
+13368759819
+18036966823
+19103161166
+18652870328
+18282893560
+18645335818
+18646356621
+19108504372
+18434568027
+19107344960
+18646517957
+18037100451
+18436994614
+18646339016
+18036628582
+16154140497
+12525051735
+18035352873
+19805987015
+19102339520
+18033791296
+16155829361
+18035250051
+19194800999
+13366378474
+18284354222
+16157151196
+18434657673
+18642801471
+18037197114
