+19044423285
+12293088943
+14193153510
+17044256621
+17063184755
+16107397498
+19048628187
+16892549490
+15012393869
+17577147377
+17064425229
+12817130467
+18176892406
+12769951576
+15133933964
+19313061006
+14407240845
+18135530618
+15205098989
+19032750420
+15672980976
+15139159680
+19562903071
+14343335590
+13868869954
+12105777385
+19285309071
+17034075443
+12163231013
+17723029956
+18033460680
+19802050820
+17046584512
+14848553123
+16236660517
+16787932565
+14798853683
+18705578514
+17062943522
+17579381142
+13527697455
+19198087099
+18262295407
+17063299928
+19706900596
+17069781100
+18434739243
+12297398957
+17723887463
+19016441496
+17178829877
+19102895752
+12163945401
+18508762495
+13868820566
+14345323512
+19199989136
+17707196505
+14097285448
+12233498016
+13176389193
+17405175579
+15017790081
+14783817166
+12296474371
+16785585665
+12102876986
+14232884681
+12605711479
+17204506060
+18438347274
+19042441479
+15134911037
+12143758044
+15743996435
+15616959133
+12107369935
+19126070028
+19035035636
+18702195501
+15018506486
+16824023159
+12293142135
+14482105300
+17622305397
+16142842996
+19563914683
+13362666187
+14238884226
+18643545491
+17194156024
+19545432117
+14237401490
+17409880840
+19546305327
+18506351976
+17248123021
+12527231175
+19287161290
+18284054493
+19549093728
+18125643642
+17312894986
+18632063735
+13524253828
+12526474954
+19037520930
+18047795569
+18502663949
+15409264142
+13212875553
+15125529037
+18708406037
+17403416322
+17723040670
+19125074763
+14633025659
+13303307801
+17655429194
+17063318200
+14127528275
+18127860466
+18047730933
+19016012001
+19365100630
+12545342657
+15672108813
+12163079758
+18032588262
+17245798903
+16784314993
+18067179311
+14792741983
+13179838458
+13463752824
+18036032235
+19105540888
+17244802304
+17198201265
+19018576936
+18633304100
+18503265349
+16788950132
+13615485843
+15132849254
+19046619143
+18048470806
+14233002975
+19453664172
+12102730261
+16789239653
+19792579416
+14707966648
+19703800257
+18542024845
+17047471060
+19104449774
+16562084388
+12543279358
+12293661252
+12522376251
+15704045452
+18068314610
+12392202532
+12292066309
+15743780216
+12108150985
+12526204344
+14232154614
+18173728988
+18149611829
+12766138438
+14403446345
+14045564220
+13179128524
+17757814829
+15016310388
+12767686250
+12528140666
+18046540119
+13522122593
+18043174262
+13176053231
+16782216775
+18043936529
+13363439834
+18703009233
+19037332607
+12523657868
+19313142089
+15615018497
+17652108531
+17245576561
+17406881931
+15404302803
+18434944042
+19362280776
+17252126116
+12292003965
+14793841135
+19362179817
+17065400218
+17023051227
+17403819746
+13365836240
+17622279497
+12815941659
+17267772679
+17868001581
+17317801125
+19362452206
+17656105860
+19044440152
+19015928457
+18063674773
+15702699011
+19283134293
+19562472191
+19315396015
+17576605710
+12102751054
+12524129428
+14807207076
+13363501182
+18325081646
+15619330042
+18634307453
+15209754967
+12526739001
+17194535361
+18126995452
+15133389045
+17045601152
+14782850839
+17709100657
+14345844218
+13613719835
+15206546081
+13464984622
+18322916371
+17408530804
+13366486818
+13363060934
+17315929948
+18032298233
+12394690242
+12146862710
+13213494288
+12673409930
+17042387006
+16155866784
+19378141642
+19416004400
+14303075028
+12162713982
+16827159936
+14328801539
+15402141653
+14695951687
+17024088451
+19372794931
+13039108211
+18126402332
+18438700252
+19108745580
+19122398086
+18282305706
+17277234206
+13304318029
+17063512991
+14805069431
+12103322744
+16788508464
+18658042007
+18436424099
+18435308562
+18037473347
+18303772271
+14807084222
+14234302997
+18438980974
+18434699754
+19285087922
+14233626537
+17244032179
+18642387120
+14233316658
+12343132535
+17408910049
+16822564448
+18706150120
+15402263570
+19416232076
+13255149818
+14405321651
+13862097020
+18504000759
+19102322472
+16158187657
+14092947230
+13055285423
+17404619321
+19035888744
+18038549430
+17049239004
+12523756470
+18049099993
+13306055206
+17066763108
+19542354680
+17273365350
+12762355299
+18654660019
+12395039033
+13306213576
+15713517079
+19198158562
+18038251780
+14239690325
+19282092115
+13462127218
+14322028396
+17029041243
+17063609656
+16156553056
+14802392361
+18647331184
+18702094360
+15127605820
+18433591090
+14125290950
+17574870374
+12525261151
+17178215158
+15138010059
+12169724725
+18705103769
+13523165435
+18032830874
+19152429664
+19284291612
+19547731236
+16027540131
+18653996020
+13528169221
+18435066511
+14192043721
+13302084800
+14194044825
+17408614121
+18322424681
+19362430750
+14344853632
+12602429532
+18649662221
+13173456443
+14125122846
+18704165522
+18506129746
+12397450478
+12394606235
+17249125235
+18285597008
+13303412205
+19037675816
+19403579962
+17652060895
+13364867112
+18039208269
+17175659587
+18703187333
+13529884558
+19036171252
+12399901382
+14232066179
+19107367993
+13036531104
+18034652552
+17044881262
+19362757198
+19432709225
+18143860935
+19018213161
+15202240890
+17194298157
+12163701381
+19044406498
+15128451102
+17069158111
+17262104649
+18644263981
+14705533254
+15707915660
+13522291629
+19313660468
+17132983871
+19107365553
+14804922879
+14196120508
+18702787076
+12196889289
+13177492961
+13254307049
+19566355202
+19453373034
+13262059180
+17069345636
+14782068360
+14348474738
+13863381520
+18179801089
+14094996231
+14722346099
+18124307558
+18702090882
+18033780149
+18439268595
+19033052220
+13364176016
+15012888924
+14807204523
+17274840682
+16782069382
+14044387281
+13862833310
+19123077542
+15673442864
+19312496552
+17042207604
+13369631584
+14094892477
+14783633594
+12154717830
+14234634351
+14043584652
+19414000709
+12724447376
+12295316533
+17313944245
+19312144339
+19704852703
+17275065623
+16822792476
+13524970872
+18433564260
+18133947394
+18062587397
+19044059095
+15618899391
+12298150925
+14408626181
+12542307952
+17865991745
+14702018949
+17138871808
+17027951250
+14342940310
+19414519756
+19283589006
+14782998785
+19804037528
+16025922135
+15745276328
+17727896661
+13528675455
+14404444696
+17655931818
+19037381260
+17313332649
+18038097433
+18135277199
+19317744265
+13462459556
+17865977044
+17069566666
+18303254417
+13367026818
+17173530629
+19107468333
+17248594190
+12677558472
+12672108637
+14698587301
+18633324214
+12144312525
+18652165636
+15137097695
+14633157366
+19795750306
+15133708679
+19032409883
+19792914297
+18502644744
+13467627018
+19103743737
+17625468045
+19409905968
+18307622877
+17576980444
+19705185838
+17194803604
+14632992143
+13362076057
+14199017815
+13252075923
+16232340693
+15702498510
+12673577462
+19363950187
+15403897317
+14454566573
+12394656453
+12146772295
+15409349649
+17755133126
+18144495876
+16783683593
+18288452513
+15205510350
+18287859608
+13364031468
+14194638110
+13612964801
+12767810251
+14322243415
+16292025162
+13864399478
+13463229109
+16155860752
+19543019326
+12526782617
+19804410122
+18122638840
+13309374705
+19196730340
+13369292871
+19047133208
+14807423300
+15124834772
+15017774293
+12164215276
+19418945014
+15743169786
+17863562280
+13304615294
+14195036714
+19044526577
+17024706138
+17175920548
+19377980610
+12294601599
+19544223906
+17062809760
+14232295748
+17404247454
+12169839707
+13178209757
+19705994188
+13615731534
+12164084933
+19543035859
+13302607264
+19729550802
+19042751209
+17063060374
+13212431225
+18328696637
+16824779989
+13365823726
+16827894980
+16156302543
+12524700641
+17652150872
+17547031147
+18642015089
+13303217993
+13529314368
+18508611231
+12398676722
+14125017901
+19035952752
+13616453767
+17049746549
+15402389229
+12142549218
+19363710691
+12162967882
+13522316353
+14708085334
+19193858359
+19105812450
+14633250991
+12108767903
+17409197897
+18434684770
+19033685265
+14408505263
+17653455848
+16022108631
+12108836249
+13176015029
+18328574477
+18064669804
+17312256942
+13179994367
+14703519681
+13218724481
+18038499366
+14195031120
+15208188090
+13527081706
+19564890812
+15138330582
+17315048036
+12767067969
+17044305836
+15613319062
+18645258183
+17653551158
+17313132599
+12816238567
+12762027388
+15013497473
+18325422007
+16025736808
+18654500453
+19044102835
+17068852147
+14079460944
+12673188022
+17257806212
+18127225939
+17134691159
+17049033456
+14127274676
+19196104440
+15134060103
+18127469423
+12293155202
+17024177093
+15617683498
+17066830114
+19364024468
+14408253747
+17047402227
+17244704542
+17252951351
+18647622476
+17206906827
+19797035922
+14705482034
+17244307469
+17755187724
+18644830149
+18288061324
+19046725487
+12293081700
+12163619924
+18287649299
+19017345449
+19103247788
+17754628179
+12104642708
+12819668096
+14804358098
+15705415848
+19414139546
+15018871290
+15203923147
+15018313481
+19102348410
+14786963541
+18283428556
+19362214419
+15127404454
+17406413834
+16145063553
+17272776277
+18643783271
+17312120879
+13529573147
+19039050869
+14049373390
+19313358477
+12523439189
+12157421405
+19364439481
+13863246366
+16142301926
+18632913762
+19107032607
+17312279559
+18328992648
+12343846116
+13466049441
+17577080904
+18037869076
+14793578631
+16825184333
+19104166295
+13216936506
+18434093924
+12102151685
+14783657590
+17043614550
+18035040770
+19545542718
+15702290465
+13305911811
+12145053141
+19372627685
+13364054103
+16789134160
+19364141042
+12295901171
+17868757291
+19283042919
+19375323686
+12524931232
+12679800298
+13612799001
+12543934909
+12546442209
+13463225360
+15714800652
+19549932063
+12542851687
+17193430317
+18175136001
+19035784820
+19038404050
+13366126336
+14322718630
+17272754951
+17135851544
+17758486678
+17372374489
+12297268824
+12146358016
+16154408299
+18654543682
+17253731250
+18037953989
+13612545499
+18039556429
+17062449397
+19019486794
+17065088568
+12292211431
+18145405641
+18505302086
+19792571191
+18036731275
+14347098724
+18284908371
+17246986343
+18328305513
+18038990574
+12154741759
+17252459541
+19035221420
+19362399466
+19032167368
+17062583288
+12142816391
+12523434870
+17575708539
+18288516550
+17137914013
+12522873115
+17243552555
+18638049020
+12674085597
+17178362175
+12293760975
+16153542224
+18632050803
+19038011635
+13212660800
+17062608221
+13363524206
+14348366621
+12153703337
+18439916079
+19123478000
+13363440974
+15122933245
+14409602502
+17658106555
+17064573679
+12153031590
+15128408597
+13254567009
+19562443072
+18507128940
+18036870146
+17409787876
+16788368705
+18174701599
+12158530960
+18645675041
+13868553747
+14322540735
+17707484200
+13212039047
+15018006528
+12523416119
+19046154188
+18639442525
+15015485382
+18033007358
+19432392935
+17133845799
+18147372891
+14128628335
+18708192378
+13302041267
+13615485649
+18509773987
+16232967600
+14349078485
+13522294502
+15408883572
+17044959665
+18062154657
+19047135489
+15704415007
+15677020883
+16154155961
+14192673830
+15128635195
+19548265475
+12106850770
+16233096330
+19032352816
+16157335114
+17132916144
+17196944985
+17242172758
+19102820803
+19037223353
+13364210808
+18282004627
+18039820706
+18125319151
+19549211632
+16157663847
+12525503192
+19048245870
+14347135584
+14075774505
+18632318647
+17048914120
+18138173784
+12165125784
+19015151954
+18707637763
+14848441183
+14782445610
+18066854787
+17064123019
+17572957004
+12763951982
+12167033332
+13303972850
+12762985284
+13365895328
+18436210488
+18509011200
+17407717897
+19035228283
+15616190499
+14799264894
+12109263403
+18143641118
+19315362391
+14806172110
+18436153091
+17064497154
+15202882573
+17702986314
+14235797494
+12297253211
+12678477245
+18033816294
+19012337838
+17042060124
+12295260027
+15015517963
+19565301498
+15203901745
+15136860500
+14405701649
+17064964481
+15017444474
+18046909695
+14329783916
+12674695871
+17062785687
+19365104504
+16155427447
+13615103601
+13053018875
+18703772289
+17177785240
+19103019051
+12198805751
+13362499294
+17068719139
+12106320705
+19728184000
+18433720496
+13364948971
+17245491635
+17068402678
+18149991447
+19282431905
+19403224291
+16788652293
+18038423797
+12769309716
+13612963267
+18034063019
+18124984250
+19194646668
+18032248737
+14322623333
+19038856455
+12238830742
+17577816930
+14197878867
+13304732724
+15135089283
+13174962533
+12168326749
+19034902850
+12167275204
+14072363856
+17066183621
+18132955070
+14703677638
+14072835086
+18506287960
+18392055413
+13216319234
+19014501989
+12527177908
+19569750641
+12762195290
+19047289146
+12549795849
+12105336945
+17702531835
+17049287786
+13255740694
+16155044579
+17049631638
+15132384998
+19365948884
+18283473272
+12524310168
+17242899955
+18146913805
+18433078894
+12817805837
+17139602604
+18303441519
+17242612054
+12542484548
+12767905706
+15133890092
+16022093307
+19124257319
+19377989119
+19127104608
+15132447766
+15013264388
+12763563295
+18285643592
+17062400384
+17659605484
+14048897786
+14692868037
+13214511204
+12604314418
+17045753852
+18434533239
+14705192184
+16028001313
+13366872181
+17067250733
+12147567054
+17262305360
+19127499756
+15705928851
+19316364922
+14783160264
+19285429736
+12672342596
+19803907277
