9379775624
4693325240
8135736493
2394705785
2147182147
4043479050
4073120905
9125522877
4078798818
2545484542
8325126044
2108549655
8039132155
8172479413
6786035502
2147727413
8435578887
8502128809
4072022884
8438344058
8632663317
6823178061
9379921009
5137648234
8303251788
2145926850
8302794747
2148740203
8172170258
8136806374
4076326483
8437510238
8173003968
2393516697
3466137688
7043001470
7042233746
4696502271
4046267025
8137050163
3366935713
7705274947
9044182141
2102749544
8647615997
3363487460
7066593643
6789722479
7862889107
9105859770
9047751544
8638623795
2109318790
2103285906
5618911185
2542050061
7862051905
2817807105
9375361471
7622180682
7272703587
3059725206
8133279001
8436689843
3869847048
6145898924
7063523800
3522817172
3052793939
2107900411
4076019112
8322988103
2522185152
9802749974
4049841522
2103740261
2146817000
4073930817
3053044724
4302930930
8509601098
8137358865
7068149139
2392860725
4702553778
6145841104
7066625183
7865872720
4403641350
2522905127
8302728015
3614248478
2107600961
7708996470
5615874588
7135011802
7062471807
7068877418
9378201442
3526597893
4695788540
2397381556
2524682330
8502423981
6145926924
2108465959
3308013050
5133016714
2526499051
7139222175
4692233430
6789133308
9122486681
3309786571
8646860808
3463206856
2543684916
8304631698
8325661055
4073180647
2817732990
3527237311
3369069054
7863165612
2107790508
3302615190
2292923153
2142634490
3212238617
3523016279
8324074278
4043137381
3363467889
8503242303
5616671823
2522272770
7863552380
2542522778
3524708279
9123322838
9126315890
2108438000
8135393272
8433723429
7408232465
8503685462
9195877638
4075457432
7042207299
2104402644
8439220930
2109406443
8302550918
4709090967
2525099676
3867381473
2814639291
9109658247
7064011040
7135043279
6787894261
4049340402
9106220186
8507147164
9193642880
2542209814
4783360143
7863403316
3365522759
7067072560
8064738363
9102201978
3528062491
2544493092
2545771513
7049758620
8435039354
9106700467
7135166528
2163338397
8137353281
2142368297
7542677398
7622191034
7703092333
8034482467
7406495501
2522879471
2168555036
7132027463
2142829501
6146824578
2103887094
9103605133
3213932238
4072599820
3465511787
4782832714
3362647586
8505868710
7709106238
3465034999
2542844480
5127014748
9804161932
6892500747
9036472220
2162549237
4073619176
4323859560
2542817976
3362337717
8035652788
5136561040
8139720000
7138190502
6147148347
2104048546
3055655644
3802157831
4706528287
6783828372
3216936253
2162805444
4783042640
8063443073
2145638971
9374053104
8032266119
7064212308
4043945532
8434899485
3463475350
8647471809
4044650223
8134520949
4408131851
4192156040
8285271869
4072180553
5135710325
4042951519
8324455847
9039172102
2106340454
9543832523
7406000053
3366908420
2293438847
8067315535
4194421054
5126354378
6823266822
8439077554
4072287445
8506022769
7372288600
3612964901
5136567116
8067774355
6783261878
2294838581
7132943524
2103186104
7045591597
2147420416
8064337158
8176554899
9377608347
4094669771
4783424624
9126629175
4095941007
8303851733
9048931729
3464928520
3868640359
3304667546
4782448608
5136688851
6786089631
2105523975
9123964564
3526609572
9126756058
8328683365
2146365771
4703986548
4698618502
7272128098
2163899944
9196696963
7729790407
4099324276
2544329100
4049363112
2105186673
2109418464
7065930801
4322694495
2163156943
3467862540
4708928952
3362529081
2292050936
4077548459
3612276434
7377326607
8505910094
7866303952
7274946942
8646969093
8036872753
8134478458
7062240912
7863551806
8643957619
4695677462
2818023209
8649936370
9199855631
9128508105
4074569935
3612548301
4704376670
7063632248
8132901068
7703309403
3213409510
7042181763
2293760389
2348046430
5135146845
7373411533
2293660512
9103357017
9793833719
4077241901
2544476860
3212102996
9802012377
2345670001
8439254031
2164073231
8327287651
6785994426
7042322136
7402565024
9106274089
8309000490
4702784360
5126626693
8063295513
9546733506
8323021812
3306317243
4048392205
4045535058
6824132193
8643611906
8646196517
7064098810
9103731888
5138043405
3255148840
7372770365
4093659172
6789344439
3524575303
8133823098
6787735210
3865896031
3362765225
8507024077
8034063451
7725779809
8323966282
5137047662
4697551421
3465084375
8645066314
4703500949
8064128559
8067867275
6783740783
2163851704
7065909992
8435080986
7542350177
9125934721
8644533096
8322625059
8135655583
5127890865
9108523405
9804356512
2349009178
2543452736
8328164413
7069868172
9125700222
3364529432
2542667131
7069684917
3363400423
9378256079
4195208901
7272909049
2165094287
9125068503
8135654373
8436538400
5612735030
9108034359
3528750246
9379037561
8135258793
7623837877
4703022543
2818242239
8438603344
8303520500
9546828562
8175079853
7706058384
2292054560
3612194399
8285608181
7623385031
5139527677
9108853376
8324139753
8438776923
7622311391
4192061216
2108190656
9105271945
8329357985
4699520218
8329353824
7406472037
9105284772
7406486685
3868475640
8173126045
8435930519
2108400086
7067287236
9377608926
2298484607
8287647049
8506968988
3252612293
3308536145
8302453824
6149487032
7272184892
5138696636
8324690734
4407311655
3463825519
3059009206
9728498779
7274529862
3212468481
3462437807
4694632301
2543661984
4097827507
7402859504
7067551389
2108406906
2104656048
3365756802
7064126251
7272769618
8035371919
3467556242
2526862094
2546300096
4788748415
3618949672
6784672734
8282790673
3303822343
4072842079
8438305539
8284677986
7046705995
8503760141
5612995337
2812481738
2162243342
8036524820
3864449276
6785727567
3305595522
8325372452
9196044380
8328593300
9567566162
9102735426
5128222765
3254301469
2163961205
5129754049
9377167321
4699684000
4077500001
7703691211
3366402139
8034148962
9152048579
3365829410
2145869069
4049389188
7862983197
4697437079
6789270615
8438124686
4788410968
7063915626
3612125476
2147212650
8642931478
9103366672
3462870290
3526472283
8132851515
8505442475
2107694923
7863747607
9044180051
7869177772
7542410355
9103363669
7063389668
4782904009
7405505294
7066906388
7134029558
4074592344
9032834388
4044521190
9379602676
3308127159
8644354876
3253013233
8507603407
8062827995
8325399945
3052009114
6786142093
9376222575
8643203283
8179185142
8647765950
2165561575
2544236024
7133407756
9105340282
4787777027
7272197081
7064673740
9363980697
8645047333
7404850971
2162357564
7542251459
8067303472
3367627888
4044334693
2817508566
7403526350
2544214769
5617807269
8647066093
4705540146
8645045554
8432064153
2105373463
3058962087
8323302714
4702093439
8032439800
5615838317
4048311822
5125918482
9372504768
8647906417
8324552987
7403500099
2145375801
2163791982
9127100705
7543487717
3613059497
2547812909
8176735338
4043990221
7049789885
4049318829
8067877624
3366087447
2294155027
8438129206
6788632825
2343035470
2149299582
2149277947
6827122319
9197562102
8033209825
3619476003
2109515055
3309498858
7272694484
6822509523
2143826013
8439570772
2529001934
3364098330
7729195131
5139739711
2548042059
3059158244
2394467256
7275428600
3213827764
7062242164
9104346461
3468160630
3303011468
2109890126
8632213260
6788960861
8434673116
2295292146
9548187464
8646800808
4696881909
4046647429
8642764192
9103868769
8644919008
8438223571
5127703524
2543395354
3619203840
7708912520
8505665407
9124050164
9402031637
8137872268
2107196543
9037219050
7047128479
2524064017
7703159122
7543663945
8329601221
8034478227
2816583080
5129953777
8067864616
2149092166
4092314161
4043531796
8649231704
3523965348
4044304023
4076041371
9104798561
6788517367
8136068953
3468313093
3303837955
8645570088
8646559660
4783184359
4046430245
6143906085
6143308284
4708440300
9198273041
2109990779
8138937619
7722679069
7623834551
2162463055
6147217712
5616467805
9127126091
2392695768
2543921701
8433596684
8507232913
8643335250
8635316459
2143292058
2818278180
8036455805
3058798294
5615635769
7407081549
2544859134
3363505409
9126577138
2524813028
4783572111
2142894267
8639911945
6143901021
8325403646
2545510453
4705005201
2103052395
4049745282
7067181190
9364250222
8034580474
2165332473
2544333108
6786948380
2145664571
4693586834
8642373304
7064308504
5614522303
9199239138
4197064926
4072474077
9808509092
4076137941
8035242469
4702981325
9192215349
8322843381
7865317327
8327325970
3613711108
8505595771
8177705947
2105420906
2146212333
8632774442
8178620919
3524518828
2146099387
8436401177
8508512749
4199069401
8177706372
5139040150
2524529514
8328962701
8137041891
8138633915
4706675711
8647057574
4049102782
8432863943
7062896485
8138679672
3866274386
6147900442
4694554310
9122764464
9122540507
4702922808
2163129424
2293188437
2107183681
8324175175
6783537999
8138695896
7273592004
3213141766
7703543979
8063100627
3302195015
4197899376
7067079309
9124640349
4695881574
5618005267
8038427600
2529154557
8437315300
7044880837
8134612966
2819723241
9045215456
5614796161
4699998189
5132598918
2168835852
2103861747
3369423748
8437088359
5135714047
8038562212
9192827638
3523253359
3528423378
8132156736
7063248801
4046101489
3302030856
7275640002
3869835431
4196500746
8324737640
7138263586
4697741027
8645538226
2343352210
2812216907
3463414637
7048408966
5127847473
8287479239
4045806648
5132007848
9373464053
4094579030
4045287323
9128091477
5125349092
8504597135
8434727640
2543388712
9123398987
5124390700
4707987016
4704551155
2108635001
9544821856
3469011934
3212081602
6149677842
6789385316
2164692851
8329858433
7275578166
3303139926
2544589357
2166321332
7708659391
2108595072
5616748021
9043474037
5616775275
4783976511
8646104217
4692743227
8634142653
6146963546
8325961734
6786133369
2527923684
4049064345
5125898786
3864387532
9124541072
7047123336
2817380250
8065447632
2295733654
7708463138
3528758364
9043622237
4047322123
6789079096
4695837937
9195917696
5619833985
4696857502
8286411582
6787899654
2105174476
5672395457
7863520153
5618915708
8305348644
2102183555
7138980746
5619355010
8502557293
9375034360
3056106046
8324941604
2298942714
8643252938
7063330721
8432710882
6827606209
4708928394
7403795314
8326692996
7065307080
8645810407
9107093423
2163459417
9105809742
4198360922
8322024239
3308122678
8033691471
7622482903
5136906380
5125630739
3525386790
6147158723
6787619433
4074663732
8137230291
2294562625
6143288354
8284367456
8327029344
8435373279
7046502069
4073690001
3055194749
9375080712
8508198589
5139933437
9377252682
9403450838
8503395816
5135826926
8435913888
8283422984
2108731931
9544040221
4197089318
5616648217
3304698345
8438654220
7063325941
4076130261
7863162350
6783009162
5615744920
8033060149
2526749210
2108310251
4047250652
4696273781
2817907327
3304014402
2527247736
6822397017
6788226833
8039152353
5129033973
9102073166
9803619564
8038302698
2165836098
7863024532
4045364922
2144634766
7044308635
2294064332
8644983804
8638015932
3464201487
4699283478
5132978323
8326558001
6787076494
8064787072
7068819434
8439179434
7045784472
9152667750
7276143720
8139189558
8436019366
4403713479
2163079183
2163207935
8039998291
2107889479
2145639558
2523671261
9804757945
7135053778
6784579114
3252037642
2146123382
4403762744
8033618564
8642666530
4195168414
7274925198
3213399397
2818181537
8039246040
8285020970
3362533492
7702654276
7068029777
8434782261
2543342119
8137357682
4702923666
7548166822
2142837281
3302402220
8036380020
9842895144
9726264580
9374009417
7866140035
3302724648
4095491159
2293767640
2293086865
2106081566
8035540743
8438753429
6146150467
2528860883
8328127418
2548552759
7274233410
2167983151
9035162285
2819874564
4782300048
7063337732
9035743811
6785792509
4702144547
7862776679
2393994186
6783153038
7542446061
6145151007
9804755896
3526166748
3303506604
3462856510
8507280184
2812170229
4047078388
2165271660
8328869672
8502935555
4078008221
3303976983
8504287859
8645858183
2148140386
2819283197
6142181323
4094548339
8066851542
6825523063
7049474337
8038408652
8645357034
2522141958
9106053605
6787326870
7063336395
3053607885
7623834344
3057727366
3864063904
2145631314
2102696537
9728210111
4077607230
2144070607
8643762311
9123213766
2163104906
6786854550
3255141067
9199172364
9122551798
3524450055
4698373405
8034662088
9803205368
2393802655
2163398528
2105080386
6148975196
8137434113
7049755683
2102152211
8643601284
3363173604
3053390280
4043605281
3613990018
